#
# coordinates of csqv35
#
#        x-coord          y-coord          radius
# -----------------------------------------------------
   1  -0.096673943353  -0.437008288613   0.062991711387
   2   0.231235752874  -0.436872051904   0.063127948096
   3   0.055041147344   0.155065522207   0.065094110655
   4   0.274314319761   0.282822987774   0.065281513872
   5  -0.275359107691   0.137027480216   0.065902660524
   6  -0.432565290952   0.432565290952   0.067434709048
   7  -0.431424884055  -0.431424884055   0.068575115945
   8   0.129797139293   0.278598706752   0.079297391922
   9   0.048437114231   0.417941260807   0.082058739193
  10  -0.031986407188   0.274324909700   0.082542594649
  11   0.213080221640   0.417414790052   0.082585209948
  12  -0.283028113131   0.417099933157   0.082900066843
  13  -0.116872859579   0.416744432983   0.083255567017
  14  -0.414252364989  -0.278060559483   0.085747635011
  15  -0.200628084519   0.269470102404   0.086168947597
  16  -0.412955590122   0.070244141224   0.087044409878
  17  -0.260968002403  -0.015816152063   0.087616979391
  18  -0.412237081814  -0.104561710195   0.087762918186
  19  -0.096705726191  -0.282903785601   0.091112794903
  20  -0.257223447873  -0.195197462453   0.091803410214
  21   0.407668167896   0.198806810656   0.092331832104
  22   0.061681475079  -0.002730590912   0.092841658782
  23   0.231828099112  -0.280892180057   0.092853048489
  24  -0.099031724538  -0.097879770003   0.093925840567
  25   0.066011795800  -0.191192755016   0.095670247941
  26   0.231057510378  -0.090237064003   0.097803624839
  27   0.401304316138   0.007885326147   0.098695683862
  28   0.400881073764  -0.189928831168   0.099118926236
  29   0.397284368856   0.397284368856   0.102715631144
  30   0.394473713428  -0.394473713428   0.105526286572
  31  -0.107318030749   0.101688267344   0.105814151426
  32  -0.260496291218  -0.393486932371   0.106513067629
  33   0.067192351257  -0.393429778625   0.106570221375
  34  -0.393343379185   0.262949746938   0.106656620815
  35   0.224418384471   0.116154893870   0.108695087670
# -----------------------------------------------------
#                           sumradii =   3.074036363730
