#
# coordinates of csqv33
#
#        x-coord          y-coord          radius
# -----------------------------------------------------
   1  -0.234863654814  -0.437549377424   0.062450622576
   2  -0.232647772874   0.436924592223   0.063075407777
   3   0.091756731700  -0.436775752229   0.063224247771
   4   0.097228480350   0.436609391937   0.063390608063
   5   0.430281449494  -0.430281449494   0.069718550506
   6   0.429812400746   0.429812400746   0.070187599254
   7   0.412461898911  -0.274037671736   0.087538101089
   8   0.252712546529   0.175221759663   0.089073869536
   9   0.409335507579  -0.095862505086   0.090664492421
  10   0.409005731966   0.085795956039   0.090994268034
  11   0.090807843617  -0.282154865222   0.091399550810
  12  -0.236070398584  -0.283519315080   0.091584166793
  13   0.250717750130  -0.005652482446   0.091811372182
  14   0.407833543194   0.268952929965   0.092166456806
  15  -0.234221210194   0.281498133044   0.092359015431
  16   0.089901235702  -0.097414385872   0.093343153102
  17   0.091703249427   0.089331960285   0.093411887142
  18   0.251632008959  -0.190948523916   0.093486924771
  19  -0.072567495346  -0.002534033570   0.094801391920
  20  -0.237409218337  -0.096833156934   0.095106791964
  21  -0.072902658436  -0.192559445878   0.095224315965
  22   0.099548091344   0.277908239382   0.095327495560
  23  -0.236667221502   0.093713618854   0.095441428501
  24  -0.070008019969   0.188573412243   0.096323192473
  25  -0.403486824476  -0.001248426567   0.096513175524
  26  -0.402797766187  -0.194962610387   0.097202233813
  27  -0.402337147425   0.192924198000   0.097662852575
  28   0.259286899809   0.396424201786   0.103575798214
  29  -0.396025410307  -0.396025410307   0.103974589693
  30  -0.395231145197   0.395231145197   0.104768854803
  31  -0.072056116052  -0.393890991057   0.106109008943
  32  -0.067915190119   0.392442931495   0.107557068505
  33   0.256882358131  -0.392183483925   0.107816516075
# -----------------------------------------------------
#                           sumradii =   2.987285008592
