#
# coordinates of csqv34
#
#        x-coord          y-coord          radius
# -----------------------------------------------------
   1   0.439868302326  -0.439868302326   0.060131697674
   2  -0.435802230481   0.435802230481   0.064197769519
   3  -0.126728081782  -0.274125432184   0.064523954980
   4   0.274125432184   0.126728081782   0.064523954980
   5   0.429989236382   0.429989236382   0.070010763618
   6  -0.429989236382  -0.429989236382   0.070010763618
   7   0.416332155501  -0.298007955076   0.083667844499
   8   0.298007955076  -0.416332155501   0.083667844499
   9  -0.412722378367  -0.273651487424   0.087277621633
  10   0.273651487424   0.412722378367   0.087277621633
  11  -0.094600377057  -0.125700379905   0.087338435212
  12   0.125700379905   0.094600377057   0.087338435212
  13  -0.256532854368  -0.193573890821   0.088243285625
  14   0.193573890821   0.256532854368   0.088243285625
  15  -0.058462538693  -0.411300919342   0.088699080658
  16   0.411300919342   0.058462538693   0.088699080658
  17   0.025538491580  -0.254742243684   0.088971378369
  18   0.254742243684  -0.025538491580   0.088971378369
  19  -0.284349365705   0.410674582541   0.089325417459
  20  -0.410674582541   0.284349365705   0.089325417459
  21   0.122374526107  -0.407828683898   0.092171316102
  22   0.407828683898  -0.122374526107   0.092171316102
  23   0.093850697432   0.407398014872   0.092601985128
  24  -0.407398014872  -0.093850697432   0.092601985128
  25   0.080669040314  -0.080669040314   0.093623412179
  26  -0.054097128128   0.054097128128   0.096964730982
  27  -0.237605660920  -0.009159119522   0.097140226384
  28   0.009159119522   0.237605660920   0.097140226384
  29  -0.401714305590   0.096952346695   0.098285694410
  30  -0.096952346695   0.401714305590   0.098285694410
  31  -0.255201017446  -0.390906341039   0.109093658961
  32   0.390906341039   0.255201017446   0.109093658961
  33   0.228934095964  -0.228934095964   0.116055040347
  34  -0.210431384335   0.210431384335   0.124125294409
# -----------------------------------------------------
#                           sumradii =   3.029799271186
