#
# coordinates of csqv30
#
#        x-coord          y-coord          radius
# -----------------------------------------------------
   1  -0.262235679521   0.270855417554   0.066640090022
   2   0.260864127410  -0.269275966794   0.067233604493
   3  -0.432001933060  -0.218100595782   0.067998066940
   4   0.431860873758   0.216388947931   0.068139126242
   5  -0.108744694284   0.255347320727   0.087632343084
   6   0.106078662997  -0.253959649288   0.088307803420
   7  -0.193334729713   0.410722759043   0.089277240957
   8   0.191583747294  -0.410200333497   0.089799666503
   9  -0.011290499003   0.407198907640   0.092801092360
  10  -0.223612249031   0.116015548435   0.092944227665
  11   0.008792315112  -0.406979867020   0.093020132980
  12  -0.038835085700   0.087722607013   0.093986483089
  13   0.034121613790  -0.085990706736   0.094425287706
  14   0.072839505195   0.239717445472   0.094623286462
  15  -0.076539702266  -0.239577961749   0.094875984803
  16   0.221828374798  -0.111764652325   0.095042715923
  17   0.149888805695   0.065287175533   0.096066287922
  18  -0.267525520139  -0.225358821718   0.096638418237
  19  -0.402031164325   0.183945574338   0.097968835675
  20   0.401743272162  -0.182442121613   0.098256727838
  21   0.265237190563   0.222075359534   0.098581559572
  22  -0.157687180717  -0.063883082702   0.098653350912
  23  -0.182810714066  -0.401333938111   0.098666061889
  24   0.180590998681   0.400813373481   0.099186626519
  25  -0.390805007524   0.390805007524   0.109194992476
  26  -0.390599853543  -0.390599853543   0.109400146457
  27   0.390188892004  -0.390188892004   0.109811107996
  28   0.389742410913   0.389742410913   0.110257589087
  29   0.379511122460   0.035170771828   0.120488877540
  30  -0.377248987307  -0.035378603914   0.122751012693
# -----------------------------------------------------
#                           sumradii =   2.842668747462
