#
# coordinates of csqv38
#
#        x-coord          y-coord          radius
# -----------------------------------------------------
   1  -0.302946658724   0.305138389466   0.056623174122
   2   0.305138389466  -0.302946658724   0.056623174122
   3   0.301581392333   0.301581392333   0.057733227466
   4  -0.437514520571  -0.437514520571   0.062485479429
   5  -0.241285161558   0.423321397559   0.076678602441
   6   0.423321397559  -0.241285161558   0.076678602441
   7   0.286300823880  -0.169764137417   0.077884958937
   8  -0.169764137417   0.286300823880   0.077884958937
   9   0.237608944427   0.421668934394   0.078331065606
  10   0.421668934394   0.237608944427   0.078331065606
  11  -0.421143531039   0.238924848065   0.078856468961
  12   0.238924848065  -0.421143531039   0.078856468961
  13   0.170820074443  -0.277541845940   0.080076548859
  14  -0.277541845940   0.170820074443   0.080076548859
  15   0.419534876515  -0.084187062091   0.080465123485
  16  -0.084187062091   0.419534876515   0.080465123485
  17   0.077792142040   0.418482500757   0.081517499243
  18   0.418482500757   0.077792142040   0.081517499243
  19   0.279516214930   0.163728963557   0.081873950621
  20   0.163728963557   0.279516214930   0.081873950621
  21  -0.413117646684   0.073380466131   0.086882353316
  22   0.073380466131  -0.413117646684   0.086882353316
  23  -0.290101223546  -0.413057080067   0.086942919933
  24  -0.413057080067  -0.290101223546   0.086942919933
  25  -0.005249111561   0.271508379110   0.087293762921
  26   0.271508379110  -0.005249111561   0.087293762921
  27  -0.408661492901   0.408661492901   0.091338507099
  28   0.408661492901  -0.408661492901   0.091338507099
  29   0.126822998481  -0.111167071100   0.092017345270
  30  -0.111167071100   0.126822998481   0.092017345270
  31   0.407682956472   0.407682956472   0.092317043528
  32  -0.404991561159  -0.108328716371   0.095008438841
  33  -0.108328716371  -0.404991561159   0.095008438841
  34  -0.001908664432  -0.247229167308   0.095291851144
  35  -0.247229167308  -0.001908664432   0.095291851144
  36  -0.059305776092  -0.059305776092   0.101201480532
  37   0.094262112624   0.094262112624   0.115976310435
  38  -0.217180393801  -0.217180393801   0.122066944986
# -----------------------------------------------------
#                           sumradii =   3.205945627974
