#
# coordinates of csqv39
#
#        x-coord          y-coord          radius
# -----------------------------------------------------
   1  -0.305266598758   0.301985996798   0.056726822159
   2  -0.299771113794  -0.298023542222   0.058425737949
   3   0.291273933963   0.143386700895   0.059925561493
   4   0.283084026078  -0.136511943089   0.064767591858
   5   0.433214204411   0.433214204411   0.066785795589
   6   0.432077707113  -0.432077707113   0.067922292887
   7   0.010941723918   0.056452493682   0.068987158912
   8  -0.423666669542   0.241270039648   0.076333330458
   9  -0.288304138231   0.169427079600   0.076912960824
  10   0.281748871677   0.006020187563   0.077770792114
  11  -0.421376385298  -0.234820037540   0.078623614702
  12  -0.237735912777   0.420405363759   0.079594636241
  13  -0.420355289927   0.085327153011   0.079644710073
  14  -0.232947122494  -0.419650507673   0.080349492327
  15   0.419241020955   0.084935314316   0.080758979045
  16  -0.419049428919  -0.075262818830   0.080950571081
  17  -0.170036946684   0.274477055221   0.081272455617
  18  -0.280042476626  -0.159438657430   0.081556365970
  19   0.417843355968  -0.077974313315   0.082156644032
  20   0.154748814212   0.103477247042   0.082313226571
  21  -0.160031771665  -0.272848915809   0.083563154411
  22   0.283346642339   0.415924164849   0.084075835151
  23  -0.274632774425   0.007560274999   0.085530163439
  24   0.279607443635  -0.414434641938   0.085565358062
  25  -0.066948069659  -0.414263037811   0.085736962189
  26   0.207904341548   0.263331824247   0.086147439282
  27  -0.135643496112   0.109765214388   0.086991919558
  28   0.106416478532  -0.412361991252   0.087638008748
  29   0.196906415515  -0.262232707975   0.087653834738
  30  -0.069911932656   0.411536475214   0.088463524786
  31   0.108963566459   0.409577296798   0.090422703202
  32  -0.408456450637   0.408456450637   0.091543549363
  33   0.016030243273  -0.255565162201   0.093345186949
  34  -0.406395434997  -0.406395434997   0.093604565003
  35   0.397004661458   0.267339243956   0.102995338542
  36   0.395328016098  -0.263441279878   0.104671983902
  37   0.119182782292  -0.083094877660   0.107618604206
  38   0.015422732062   0.233947293456   0.108564195295
  39  -0.100611867243  -0.086321753074   0.112199731447
# -----------------------------------------------------
#                           sumradii =   3.248110798175
