#
# coordinates of csqv27
#
#        x-coord          y-coord          radius
# -----------------------------------------------------
   1   0.271480365395  -0.271480365395   0.066479958319
   2  -0.248464268783  -0.255020775918   0.072270783453
   3   0.255020775918   0.248464268783   0.072270783453
   4  -0.427024614773   0.427024614773   0.072975385226
   5   0.197781026559  -0.409774060095   0.090225939904
   6   0.409774060095  -0.197781026559   0.090225939904
   7   0.406026589985  -0.013619801056   0.093973410014
   8   0.013619801056  -0.406026589985   0.093973410014
   9   0.246058478441  -0.112785473469   0.094238245564
  10   0.112785473469  -0.246058478441   0.094238245564
  11  -0.175172044653  -0.405179664650   0.094820335349
  12   0.405179664650   0.175172044653   0.094820335349
  13  -0.079162197640  -0.238107124151   0.097874045762
  14   0.238107124151   0.079162197640   0.097874045762
  15  -0.398716204959  -0.168155665591   0.101283795040
  16   0.168155665591   0.398716204959   0.101283795040
  17  -0.398461320409   0.254863942626   0.101538679590
  18  -0.254863942626   0.398461320409   0.101538679590
  19   0.393673197679  -0.393673197679   0.106326802320
  20   0.079411938530   0.209646165529   0.107577232683
  21  -0.209646165529  -0.079411938530   0.107577232683
  22  -0.043221237559   0.389715341020   0.110284658979
  23  -0.389715341020   0.043221237559   0.110284658979
  24   0.384485966121   0.384485966121   0.115514033878
  25  -0.384485966121  -0.384485966121   0.115514033878
  26   0.030013271746  -0.030013271746   0.137120282944
  27  -0.168679645208   0.168679645208   0.143873934957
# -----------------------------------------------------
#                           sumradii =   2.685978684198
