#
# coordinates of csqv37
#
#        x-coord          y-coord          radius
# -----------------------------------------------------
   1  -0.442299262829   0.442299262829   0.057700737171
   2  -0.291661704687  -0.294755617181   0.060080048272
   3   0.158614325647  -0.291900283557   0.060301934736
   4   0.436085020694  -0.436085020694   0.063914979306
   5   0.277847359698   0.273422438017   0.066175803351
   6  -0.062254589069   0.287690698740   0.067936551932
   7  -0.307025288167   0.420715708682   0.079284291318
   8   0.420432390106  -0.293458765891   0.079567609894
   9  -0.227998129372  -0.419779917882   0.080220082118
  10   0.278878798399  -0.218200636117   0.080748345090
  11   0.096545456714  -0.418924282041   0.081075717959
  12  -0.418697411900   0.305314310848   0.081302588100
  13  -0.066156745983  -0.418372579890   0.081627420110
  14   0.417275856686  -0.131197712475   0.082724143314
  15   0.016235695971  -0.275874531943   0.082975763819
  16  -0.149742390631  -0.276538769109   0.083003651902
  17  -0.416724161816  -0.224682141470   0.083275838184
  18  -0.143768974373   0.415958686296   0.084041313704
  19   0.414915703634   0.036594129119   0.085084296366
  20   0.127561821539  -0.149518910801   0.085426282571
  21   0.414419951953   0.207257753492   0.085580048047
  22   0.268402958524  -0.051769272672   0.086012387576
  23   0.026498418534   0.413759721828   0.086240278172
  24   0.265203339749   0.120991815236   0.086778327034
  25  -0.263624434627  -0.150547253065   0.086828565476
  26   0.202578172590   0.410122971408   0.089877028592
  27  -0.410086563926  -0.051620109204   0.089913436074
  28  -0.406928365090   0.131337705559   0.093071634910
  29   0.105981513726   0.030823226203   0.096202448815
  30  -0.403744068198  -0.403744068198   0.096255931802
  31  -0.065805817820   0.121666520422   0.098125602131
  32  -0.241876773106   0.033699401835   0.098697148708
  33   0.276397437132  -0.400257636704   0.099742363296
  34   0.395968968537   0.395968968537   0.104031031463
  35   0.106834848927   0.235923622968   0.108899723124
  36  -0.236110801446   0.243713009642   0.111395597224
  37  -0.067449533078  -0.093832777621   0.117379964518
# -----------------------------------------------------
#                           sumradii =   3.161498916179
