#
# coordinates of csqv36
#
#        x-coord          y-coord          radius
# -----------------------------------------------------
   1  -0.298972454473  -0.298972454473   0.057970644176
   2   0.298972454473   0.298972454473   0.057970644176
   3   0.438414770217  -0.438414770217   0.061585229783
   4  -0.438414770217   0.438414770217   0.061585229783
   5  -0.233173501060  -0.420113378414   0.079886621586
   6  -0.420113378414  -0.233173501060   0.079886621586
   7   0.233173501060   0.420113378414   0.079886621586
   8   0.420113378414   0.233173501060   0.079886621586
   9   0.276215096280   0.162419533110   0.080465614387
  10   0.162419533110   0.276215096280   0.080465614387
  11  -0.276215096280  -0.162419533110   0.080465614387
  12  -0.162419533110  -0.276215096280   0.080465614387
  13  -0.414309696413   0.293125306917   0.085690303587
  14   0.414309696413  -0.293125306917   0.085690303587
  15  -0.293125306917   0.414309696413   0.085690303587
  16   0.293125306917  -0.414309696413   0.085690303587
  17  -0.413287926583  -0.066714682176   0.086712073417
  18  -0.066714682176  -0.413287926583   0.086712073417
  19   0.066714682176   0.413287926583   0.086712073417
  20   0.413287926583   0.066714682176   0.086712073417
  21  -0.113010047779  -0.113010047779   0.090054721929
  22   0.113010047779   0.113010047779   0.090054721929
  23  -0.406253017278  -0.406253017278   0.093746982722
  24   0.406253017278   0.406253017278   0.093746982722
  25  -0.009840777667   0.249805368227   0.093807413948
  26   0.249805368227  -0.009840777667   0.093807413948
  27  -0.249805368227   0.009840777667   0.093807413948
  28   0.009840777667  -0.249805368227   0.093807413948
  29  -0.406116466412   0.113738479139   0.093883533588
  30   0.406116466412  -0.113738479139   0.093883533588
  31  -0.113738479139   0.406116466412   0.093883533588
  32   0.113738479139  -0.406116466412   0.093883533588
  33   0.068440456206  -0.068440456206   0.096789421381
  34  -0.068440456206   0.068440456206   0.096789421381
  35   0.221619968253  -0.221619968253   0.119839122034
  36  -0.221619968253   0.221619968253   0.119839122034
# -----------------------------------------------------
#                           sumradii =   3.121754486102
