#
# coordinates of csqv31
#
#        x-coord          y-coord          radius
# -----------------------------------------------------
   1   0.220992085530   0.432793172465   0.067206827535
   2  -0.044964573182  -0.107786907602   0.068010222222
   3  -0.261761302241  -0.266216250041   0.068859002855
   4  -0.266215139422   0.265742935858   0.068969262787
   5   0.265660892998  -0.261368678630   0.069191396060
   6  -0.105436151498  -0.251746389214   0.088134403462
   7  -0.077790233320   0.046936836093   0.090157286535
   8   0.250526907602  -0.102687607046   0.090209733149
   9   0.088631783574  -0.022845497683   0.090302852594
  10  -0.248076692737   0.107297807710   0.090510710507
  11  -0.190576300157  -0.409165867213   0.090834132787
  12   0.409088760447  -0.190225859111   0.090911239553
  13  -0.408713577667   0.192421181169   0.091286422333
  14  -0.109480599790   0.226844431453   0.092520085340
  15   0.406583549363  -0.005915193960   0.093416450637
  16   0.240697229637   0.081223683534   0.093964058070
  17   0.185653988138  -0.404882648747   0.095117351253
  18  -0.004627971635  -0.404835385611   0.095164614389
  19  -0.404786309419  -0.185819135335   0.095213690581
  20   0.227925129527   0.270245432017   0.095488701057
  21  -0.404100862097   0.005292463929   0.095899137903
  22  -0.175366640786   0.403746710936   0.096253289064
  23   0.068550078305   0.162990811609   0.096615334691
  24   0.401938860636   0.185506054440   0.098061139364
  25   0.391655433565   0.391655433565   0.108344566435
  26  -0.391481568069   0.391481568069   0.108518431931
  27  -0.390258650778  -0.390258650778   0.109741349222
  28   0.390119529030  -0.390119529030   0.109880470970
  29   0.090609098723  -0.223127353469   0.109988763637
  30  -0.222341404527  -0.091654079330   0.110098756907
  31   0.040561953765   0.378899831897   0.121100168103
# -----------------------------------------------------
#                           sumradii =   2.889969851933
