#
# coordinates of csqv29
#
#        x-coord          y-coord          radius
# -----------------------------------------------------
   1  -0.269546164341  -0.260485367686   0.067368063387
   2   0.216720818091  -0.431952663881   0.068047336119
   3   0.254742061205   0.084476308483   0.070077146690
   4  -0.253513549236   0.243718186189   0.073883288431
   5   0.422097494341   0.422097494341   0.077902505659
   6  -0.255288720102  -0.105263477854   0.088507238695
   7  -0.410595240192  -0.192053823104   0.089404759808
   8  -0.408653329478  -0.011312824576   0.091346670522
   9   0.240739980169  -0.076662914877   0.091669283189
  10  -0.246001136830   0.076505103206   0.093498465237
  11  -0.406095242181   0.173920940952   0.093904757819
  12   0.095366700975   0.040739147991   0.095190650102
  13   0.404515066759   0.013915348187   0.095484933241
  14  -0.111163410959  -0.220454768440   0.095995168233
  15   0.067143028327  -0.148603317789   0.096243790492
  16   0.247481177653   0.402150586186   0.097849413814
  17  -0.085349149324  -0.028019455517   0.098163853610
  18   0.222450770237  -0.265726852991   0.098277203736
  19  -0.182221269828  -0.401502363644   0.098497636356
  20   0.400761928529  -0.180771483718   0.099238071471
  21   0.159222647915   0.225134924609   0.099948747238
  22  -0.163523199596   0.396536777592   0.103463222408
  23   0.044844865557   0.395090135496   0.104909864504
  24  -0.390206185144  -0.390206185144   0.109793814856
  25   0.389862842638  -0.389862842638   0.110137157362
  26  -0.383293895274   0.383293895274   0.116706104726
  27   0.379573742457   0.228381132515   0.120426257543
  28   0.035639944788  -0.379531350725   0.120468649275
  29  -0.062331838871   0.192888601549   0.123940100108
# -----------------------------------------------------
#                           sumradii =   2.790344154631
