#
# coordinates of csqv28
#
#        x-coord          y-coord          radius
# -----------------------------------------------------
   1   0.084082966615  -0.255870169773   0.070256424736
   2  -0.081805515310   0.255067458176   0.070921424201
   3   0.244240933918   0.253767146058   0.073525520343
   4  -0.244529119192  -0.253179817940   0.073578460253
   5   0.422153154467  -0.422153154467   0.077846845533
   6  -0.421872931999   0.421872931999   0.078127068001
   7   0.079882260837   0.246436453687   0.090996552546
   8  -0.078471685914  -0.243916820344   0.092737126123
   9   0.173859493814   0.405900567164   0.094099432836
  10  -0.014431224982   0.405808691625   0.094191308375
  11   0.015677227477  -0.405621265243   0.094378734757
  12  -0.173250840603  -0.405450589584   0.094549410416
  13   0.038747084535  -0.095568054907   0.096333221505
  14   0.402108679656  -0.247561854641   0.097891320344
  15  -0.401801153162   0.246693161654   0.098198846838
  16   0.224668081203  -0.159405097954   0.100241916971
  17  -0.223533696426   0.157554635309   0.101112374648
  18  -0.032272437805   0.089501533311   0.101895245261
  19  -0.396980704918  -0.164043511089   0.103019295082
  20   0.396570376092   0.163717914392   0.103429623908
  21  -0.395182894040   0.043785114163   0.104817105960
  22   0.394954382335  -0.044751063906   0.105045617665
  23   0.383375802190   0.383375802190   0.116624197810
  24  -0.383318808895  -0.383318808895   0.116681191105
  25   0.228692144340  -0.379805141161   0.120194858839
  26  -0.227668655528   0.379314231403   0.120685768597
  27  -0.195478462524  -0.063819078091   0.122032011645
  28   0.192374334317   0.062831818755   0.124329081238
# -----------------------------------------------------
#                           sumradii =   2.737739985536
