4 3 15
3.466248182745044
0.159425020685200 1.220583694757064 0.133803062079482
-0.471864898224949 0.296541036223387 1.181000612739544
0.986077890859662 1.839945324825452 1.181000616067794
-0.584982135767714 -1.951007585700130 2.094395102393117
-1.951007586350347 -1.584982160787649 1.570796316467029
1.951007562335206 0.976267294677317 0.523598740130530
-1.553112143102456 1.453302919279343 0.067767569395478
1.451007584773362 0.110241837677058 1.570796316793528
-1.951007586485399 0.147068712157730 1.570796326224057
1.289145393623398 -1.951007585700220 0.000000000000000
-1.451007586200609 -0.718956715460322 0.523598758096584
0.352081629779227 -1.453533992918922 1.118295792628074
-0.655216703717463 1.893511729667062 1.114965120613080
0.260627901651995 -0.391067290090441 0.133803060169139
1.951007593050299 -0.755783617927265 0.523598775598299
