4 3 12
3.134022702061933
-1.702093234369261 -0.468029499266393 1.587033726221817
-0.216352309593994 -1.358295787842987 1.587033705436150
0.216352329078230 -0.451792851655424 0.539836162563296
-1.216220517076692 -1.342059098975571 0.539836160333491
1.216220517166705 1.342059116653592 1.587033717373018
1.702093233990139 0.468029503955449 0.539836175466004
-0.216352330050807 0.451792841706776 1.587033713744644
1.216220516357968 -0.468029509576962 1.587033724314000
0.216352318429106 1.358295802938827 0.539836180775451
1.702093240556944 -1.342059114532443 0.539836166301124
-1.702093243430866 1.342059118762078 1.587033715338086
-1.216220516767183 0.468029534320608 0.539836158106243
