4 3 10
2.911246560759463
-0.866025492845522 -1.558562184819006 2.094395102393191
0.866025499616537 -1.558562093415371 2.094394996849366
-1.462293737695249 -0.378608570391806 1.455550332508589
0.000000032045705 1.558562180366216 1.047197551196598
1.462293796529011 -0.378608585808733 0.638844696591346
-1.462293810287822 1.255776989197564 1.455550419810004
1.462293836348475 1.255776969841959 0.638844650120530
0.000000002898302 -1.058562153428657 1.047197482061894
-0.866025341690506 0.452991768954068 0.408352781516547
0.866025413165321 0.452991741652467 1.686042256951343
