4 3 13
3.178478385857907
-0.381453999131546 1.747413028408392 1.047069850913037
-1.747523592112327 1.381498216285836 1.570796295819292
1.732050840430249 -1.390617636264072 0.505638276119295
-1.747523618938064 -0.350552674668905 1.570796326794898
1.247998641499690 -0.501857768644090 1.539971285094255
0.492939006312158 1.247557023692898 0.008177346206617
1.721070126067278 0.379166320664448 0.492773767023696
-0.110689381638294 -0.247523562676784 0.000000035131607
-1.247523602286679 0.515472763064615 0.523598748014787
0.350552681026864 -1.747523620494975 0.000000000000000
-0.515472750830662 -1.247523593666071 1.047197577681450
-1.381498195570502 -1.747523600230292 0.000000021687577
1.363024130623189 1.740458631636581 1.055374889225277
