4 3 11
3.050789389290529
1.291208449991319 1.130111008822950 2.094395097995896
-0.934140672508660 -0.574816994827371 0.658013834151629
-1.545687269086862 -1.366025429851669 1.705211386194861
1.167701180558658 -1.228118902875898 1.425981661351342
0.440842405597977 1.657233857170402 1.047197555027988
-1.291208448021764 1.657233860489000 1.047197551196598
-1.657233865139277 0.291208417054693 1.570796326794897
1.537492231327042 -0.299003944320392 0.378784110648260
-0.068115258958176 -1.657233860488736 2.094395102393187
0.315593638328711 0.133004427835250 1.075408698547251
-0.425183020345967 1.157233812652193 0.000000035853013
