4 3 14
3.338682900867601
0.628754404638525 -1.360805282752397 1.047197532713533
-1.494779887732770 1.860805312056181 1.047197542676236
1.784324764760947 -0.453170220066151 0.614414918890880
-1.860694989751752 -1.494716194784525 1.570668928730395
-0.352465751302027 -0.363243691879757 1.661612517328604
1.732050900034180 1.583201360874620 0.679950345058260
1.364926238428459 0.454632057756627 1.661612527539641
-1.364926237652153 -0.454632143527582 0.614414967791972
0.352465742516112 0.363243694520035 0.614414975790498
-1.784324715544098 0.453170179411767 1.661612530320466
1.494779892867995 -1.860805318667653 0.000000000000000
0.237271011763098 1.860805314746549 1.047197551196598
-0.237271034075507 -1.860805319434947 0.000000000000000
-0.628754432229765 1.360805289615485 2.094395102378873
