   1   0.069914330471767597225541240229   0.069914330471767597225541240229
   2   0.309364208175228864047453704180   0.069914330471767597225541240229
   3   0.551554553283753729224478279402   0.069914330471767597225541240229
   4   0.691383214227288923675560759860   0.069914330471767597225541240229
   5   0.831211875170824118126643240318   0.069914330471767597225541240229
   6   0.430459380729491296635965991791   0.139828660943535194451082480458
   7   0.189639269323498230636497472204   0.142150010285911282039505005632
   8   0.551554553283753729224478279402   0.209742991415302791676623720687
   9   0.691383214227288923675560759860   0.209742991415302791676623720687
  10   0.310734441877760663225009759815   0.212064340757678879265046245861
  11   0.069914330471767597225541240229   0.214385690100054966853468771036
  12   0.193923054235000000000000000000   0.289594791408000000000000000000
  13   0.422185992825668981963264672955   0.296507257645763228734681801296
  14   0.551554553283753729224478279402   0.349571652358837986127706201144
  15   0.069914330471767597225541240229   0.354214351043590161304551251493
  16   0.323312198468260697315449153502   0.395381052003171513382497320750
  17   0.187719972748441914614155894431   0.429539546490016780250090198245
  18   0.452680758926345444576662759948   0.448445446716246270775521720598
  19   0.069914330471767597225541240229   0.504864741936443399195629144997
  20   0.353806964568937159928847240495   0.547319241073654555423337240052
  21   0.215316479472916113398508446646   0.566617944634539081288298073724
  22   0.069914330471767597225541240229   0.644693402879978593646711625455
  23   0.196017775912031587533547612974   0.705108429730560127818636867572
  24   0.080000000000000000000000000000   0.810000000000000000000000000000
