   1   0.071581718995599529585444225012   0.071581718995599529585444225012
   2   0.274045394638712845590499097140   0.071581718995599529585444225012
   3   0.550615918910778329001263718032   0.071581718995599529585444225012
   4   0.827186443182843812412028338924   0.071581718995599529585444225012
   5   0.412330656774745587295881407586   0.108635143310075613288299099394
   6   0.688901181046811070706646028478   0.108635143310075613288299099394
   7   0.172813556817156187587971661076   0.172813556817156187587971661076
   8   0.311098818953188929293353971522   0.209866981131632271290826535458
   9   0.513562494596302245298408843650   0.209866981131632271290826535458
  10   0.651847756732334987003791154096   0.246920405446108354993681409840
  11   0.071581718995599529585444225012   0.274045394638712845590499097140
  12   0.209866981131632271290826535458   0.311098818953188929293353971522
  13   0.412330656774745587295881407586   0.311098818953188929293353971522
  14   0.550615918910778329001263718032   0.348152243267665012996208845904
  15   0.108635143310075613288299099394   0.412330656774745587295881407586
  16   0.311098818953188929293353971522   0.412330656774745587295881407586
  17   0.449384081089221670998736281968   0.449384081089221670998736281968
  18   0.209866981131632271290826535458   0.513562494596302245298408843650
  19   0.071581718995599529585444225012   0.550615918910778329001263718032
  20   0.348152243267665012996208845904   0.550615918910778329001263718032
  21   0.246920405446108354993681409840   0.651847756732334987003791154096
  22   0.108635143310075613288299099394   0.688901181046811070706646028478
  23   0.071581718995599529585444225012   0.827186443182843812412028338924
