   1   0.072895080875273247425094690768   0.072895080875273247425094690768
   2   0.326256959611348610711785717754   0.072895080875273247425094690768
   3   0.472047121361895105561975099290   0.072895080875273247425094690768
   4   0.617837283112441600412164480827   0.072895080875273247425094690768
   5   0.824015707120631701853991699763   0.072895080875273247425094690768
   6   0.199576020243310929068440204261   0.145052622851715813025366726331
   7   0.720926495116536651133078090295   0.175984292879368298146008300237
   8   0.072895080875273247425094690768   0.218685242625819742275284072305
   9   0.326256959611348610711785717754   0.218685242625819742275284072305
  10   0.472047121361895105561975099290   0.218685242625819742275284072305
  11   0.617837283112441600412164480827   0.279073504883463348866921909705
  12   0.199576020243310929068440204261   0.290842784602262307875556107868
  13   0.498027347120754843345572673555   0.362141853253455829506805541966
  14   0.072895080875273247425094690768   0.364475404376366237125473453842
  15   0.326955638800000000000000000000   0.365207403308000000000000000000
  16   0.199576020243310929068440204261   0.436632946352808802725745489405
  17   0.414958998750762362705689041293   0.481951789245142586573397349238
  18   0.073745286133050834284640764198   0.510263087032584343138594215568
  19   0.287578430592288637866879173185   0.552866964764032335821442569003
  20   0.072895080875273247425094690768   0.656050769688802449151714977293
  21   0.216663255073398888618833953420   0.680247532922506060660252437112
  22   0.085184618819000000000000000000   0.802191889379000000000000000000
