32
2.939572726664292
0.590373297291964 0.781774114739441 0.091598300685352
0.243722942272225 0.241429335208643 0.073715696321878
0.427100360042300 0.286629003384165 0.115150092802068
0.257235856206591 0.408524960862039 0.093925427559332
0.751111038183426 0.505155837409541 0.091853391269247
0.425608579497051 0.498981046149804 0.097207187839838
0.753382518115699 0.322638600436204 0.090677977952879
0.589663240538124 0.596522471206428 0.093654701444454
0.742711494357393 0.116118063475487 0.116118061767811
0.264485642520481 0.937612786614067 0.062387204953743
0.751557589310083 0.690596206955496 0.093587514389228
0.333495733830969 0.096643241565281 0.096643238554214
0.103654146582004 0.896345853440446 0.103654144126461
0.111566711099421 0.111566711033896 0.111566710134811
0.426088196280410 0.691866928537806 0.095679289385176
0.909430621621539 0.595781304922833 0.090569373990762
0.909471225221271 0.414683164022397 0.090528770453237
0.930228919639855 0.930228919671791 0.069771073691907
0.756664813393895 0.892059497568060 0.107940499931341
0.094858619548788 0.504821630486465 0.094858615885836
0.591325404125671 0.936684741162677 0.063315250898749
0.260563127629704 0.597350889398478 0.094929811609071
0.427302260817398 0.893771283384070 0.106228714013874
0.593163105723051 0.410736082717576 0.092164647894277
0.093801207571448 0.316164773283945 0.093801203340425
0.910575346192441 0.234733130585791 0.089424648078540
0.926933034334421 0.073066965617816 0.073066959929020
0.096572209911663 0.696244784010365 0.096572206418334
0.912428740507376 0.773896703560150 0.087571253718175
0.263030214819140 0.783748420707007 0.091484043466965
0.528719661011463 0.098590401347818 0.098590398007249
0.609554528956746 0.248058835191462 0.071336316150038
