   1                     0.001029818956                    -0.763475237823
   2                    -0.319759484020                    -0.759957551845
   3                     0.321790420966                    -0.757926614899
   4                    -0.484945033433                    -0.484945033433
   5                     0.156604871553                    -0.482914096487
   6                    -0.164184431423                    -0.479396410509
   7                     0.477365473563                    -0.477365473563
   8                     0.757926614899                    -0.321790420966
   9                    -0.759957551845                    -0.319759484020
  10                    -0.479396410509                    -0.164184431423
  11                     0.162153494477                    -0.162153494477
  12                    -0.158635808499                    -0.158635808499
  13                     0.482914096487                    -0.156604871553
  14                     0.763475237823                    -0.001029818956
  15                    -0.763475237823                     0.001029818956
  16                    -0.482914096487                     0.156604871553
  17                     0.158635808499                     0.158635808499
  18                    -0.162153494477                     0.162153494477
  19                     0.479396410509                     0.164184431423
  20                     0.759957551845                     0.319759484020
  21                    -0.757926614899                     0.321790420966
  22                    -0.477365473563                     0.477365473563
  23                     0.164184431423                     0.479396410509
  24                    -0.156604871553                     0.482914096487
  25                     0.484945033433                     0.484945033433
  26                    -0.321790420966                     0.757926614899
  27                     0.319759484020                     0.759957551845
  28                    -0.001029818956                     0.763475237823
