   1                    -0.267315620695                    -0.778572932666
   2                     0.267315620695                    -0.778572932666
   3                     0.000000000000                    -0.664562447330
   4                    -0.498539559265                    -0.602528841408
   5                     0.498539559265                    -0.602528841408
   6                    -0.231223938569                    -0.488518356072
   7                     0.231223938569                    -0.488518356072
   8                     0.000000000000                    -0.312474264815
   9                    -0.492878079779                    -0.311970793018
  10                     0.492878079779                    -0.311970793018
  11                    -0.778572932666                    -0.258730931374
  12                     0.778572932666                    -0.258730931374
  13                    -0.246281704198                    -0.158197390295
  14                     0.246281704198                    -0.158197390295
  15                    -0.000000000000                    -0.003920515776
  16                    -0.489643334199                     0.000645767813
  17                     0.489643334199                     0.000645767813
  18                    -0.778572932666                     0.031882268316
  19                     0.778572932666                     0.031882268317
  20                    -0.243361630000                     0.154922642333
  21                     0.243361630000                     0.154922642333
  22                    -0.488166598385                     0.311532218311
  23                     0.488166598385                     0.311532218311
  24                    -0.000000000000                     0.313765800441
  25                    -0.778572932666                     0.322495468007
  26                     0.778572932666                     0.322495468007
  27                    -0.230773325170                     0.490400180516
  28                     0.230773325170                     0.490400180515
  29                    -0.499129848081                     0.601938552592
  30                     0.499129848081                     0.601938552592
  31                     0.000000000000                     0.667034560590
  32                    -0.268356522911                     0.778572932666
  33                     0.268356522911                     0.778572932666
