   1                    -0.070975399659                    -0.774001379105
   2                     0.228780907154                    -0.774001379105
   3                    -0.367102901586                    -0.727500346040
   4                     0.481619272619                    -0.612983975007
   5                    -0.579062618837                    -0.515540628789
   6                    -0.085882543151                    -0.474615974406
   7                     0.213873763662                    -0.474615974406
   8                    -0.346464864425                    -0.326458297207
   9                     0.478069673667                    -0.313248685424
  10                    -0.774001379105                    -0.287828698450
  11                     0.774001379105                    -0.265517467230
  12                    -0.087588243519                    -0.174864520598
  13                     0.212168063293                    -0.174864520598
  14                    -0.482890997805                    -0.059546788267
  15                     0.478069673667                    -0.013492378612
  16                    -0.774001379105                     0.011927608362
  17                     0.774001379105                     0.034238839583
  18                    -0.221629674628                     0.093252502770
  19                     0.212168063293                     0.124891786214
  20                    -0.482890997805                     0.240209518546
  21                     0.464963070701                     0.285977253292
  22                    -0.774001379105                     0.311683915175
  23                    -0.019737334595                     0.314822641801
  24                     0.760894776139                     0.333708471486
  25                    -0.270934610847                     0.478388444698
  26                     0.231278316935                     0.478667037983
  27                    -0.566547545255                     0.528055702371
  28                     0.512694288896                     0.581908958730
  29                    -0.028261201144                     0.664252155437
  30                    -0.320601868521                     0.774001379105
  31                     0.282576176813                     0.774001379105
