   1                     0.036830654378                    -0.771559953102
   2                     0.340735123072                    -0.750415426789
   3                    -0.266266991424                    -0.675117640535
   4                    -0.556147538087                    -0.535003011774
   5                     0.556147538087                    -0.535003011774
   6                    -0.015072462861                    -0.471374871018
   7                     0.281729068785                    -0.402717257473
   8                    -0.301539164620                    -0.367731994424
   9                    -0.771559953102                    -0.319590596759
  10                     0.771559953102                    -0.319590596759
  11                     0.497141483800                    -0.187304842458
  12                    -0.001820227440                    -0.167024094214
  13                    -0.516951579635                    -0.152319579409
  14                     0.771559953102                    -0.014951437941
  15                     0.254748794387                    -0.002776250624
  16                    -0.254748794387                     0.002776250624
  17                    -0.771559953102                     0.014951437941
  18                     0.516951579635                     0.152319579409
  19                     0.001820227440                     0.167024094214
  20                    -0.497141483800                     0.187304842458
  21                    -0.771559953102                     0.319590596759
  22                     0.771559953102                     0.319590596759
  23                     0.301539164620                     0.367731994424
  24                    -0.281729068785                     0.402717257473
  25                     0.015072462861                     0.471374871018
  26                    -0.556147538087                     0.535003011774
  27                     0.556147538087                     0.535003011774
  28                     0.272541429015                     0.679597345648
  29                    -0.340735123072                     0.750415426789
  30                    -0.036830654378                     0.771559953102
