   1                    -0.214696407960                    -0.118150735983
   2                     0.283255031925                     0.002443178939
   3                     0.054278924870                     0.187796936706
   4                     0.068519376589                    -0.199236446822
   5                    -0.258359116664                    -0.479090472623
   6                    -0.240052802489                     0.175350756989
   7                    -0.492025464292                     0.022720973447
   8                     0.518183657578                    -0.175305559365
   9                     0.333343573335                     0.352232074485
  10                     0.541653526434                     0.143922121386
  11                    -0.225447453422                     0.469583244826
  12                     0.035951534027                    -0.492025464292
  13                     0.068884273937                     0.482029424543
  14                     0.309873704479                    -0.383615512464
  15                    -0.776582152086                    -0.053525761248
  16                    -0.466669069763                    -0.270780519525
  17                    -0.334605851360                    -0.763647160418
  18                    -0.494066039633                     0.324559833375
  19                    -0.751225757558                    -0.347027254220
  20                     0.357984264817                     0.737008231948
  21                     0.769907263091                    -0.328345748687
  22                     0.568272198987                     0.529980812790
  23                     0.776582152087                    -0.033826616919
  24                     0.254756478363                    -0.776477139720
  25                    -0.230686812531                     0.776582152086
  26                     0.776582152086                     0.321670859691
  27                    -0.479460690566                     0.618792321212
  28                    -0.040295200668                    -0.776582152087
  29                    -0.776582152086                     0.241068999602
  30                    -0.542915804459                    -0.555337207319
  31                     0.063907948319                     0.776582152087
  32                     0.561597309992                    -0.536655701785
